


41  i 41  - 3km/h
49  i 49  - 3km/h
154 i 156 - 10km/h




[3]+[5]x8 + ?????

200  8 00 00 00 29 00 00 00 00 - 1km/h
200  8 00 00 00 30 00 00 00 00 - 2km/h
200  8 00 00 00 31 00 00 00 00 - 2km/h
200  8 00 00 00 32 00 00 00 00 - 2km/h
200  8 00 00 00 33 00 00 00 00 - 2km/h
200  8 00 00 00 34 00 00 00 00 - 2km/h
200  8 00 00 00 29 00 29 00 00 - 3km/h
200  8 00 00 00 31 00 31 00 00 - 3km/h
200  8 00 00 00 32 00 32 00 00 - 3km/h
200  8 00 00 00 33 00 33 00 00 - 3km/h
200  8 00 00 00 34 00 34 00 00 - 3km/h
200  8 00 00 00 35 00 35 00 00 - 3km/h
200  8 00 00 00 36 00 36 00 00 - 4km/h
200  8 00 00 00 45 00 45 00 00 - 5km/h
200  8 00 00 00 5C 00 59 00 00 - 6km/h
200  8 00 00 00 6A 00 6A 00 00 - 7km/h
200  8 00 00 00 9A 00 9C 00 00 - 10km/h
200  8 00 00 01 2A 01 2E 00 00 - 19km/h   1+1*8+ .... 2A i 2E powinno daæ 1km/h  42 i 46
200  8 00 00 02 00 02 00 00 00 - 32km/h
200  8 00 00 02 87 02 84 00 00 - 40km/h
200  8 00 00 02 C0 02 C3 00 00 - 44km/h

 200      8 00 00  00 54  00 54   00 00 - 4km/h   
 200      8 00 00  00 92  00 89   00 00 - 6km/h
 200      8 00 00  00 154 00 156  00 00 - 10km/h
 200      8 00 00  01 42  01 46   00 00 - 19km/h
 200      8 00 00  02 00  02 00   00 00 - 32km/h
 200      8 00 00  02 135 02 132  00 00 - 40km/h
 200      8 00 00  02 192 02 195  00 00 - 44km/h

                   01        -  8km/h
                   02        -  16km/h
                   02  i  02 -  32km/h
                   01  i  02 -  24km/h
                   02  i  01 -  24km/h      
                   03        -  24km/h
                          03 -  24km/h
                   03  i  03 -  48km/h


41,020 200      8 00 44 00 00 00 00 00 00 
41,221 200      8 00 2D 00 00 00 00 00 00 
41,441 200      8 00 59 00 00 00 00 00 00 
41,460 200      8 00 1D 00 00 00 00 00 00 
41,481 200      8 00 21 00 00 00 00 00 00 
42,060 200      8 00 55 00 00 00 00 00 00 
42,081 200      8 00 59 00 00 00 00 00 00 
42,360 200      8 00 11 00 00 00 00 00 00 
42,421 200      8 00 1D 00 00 00 00 00 00 
42,501 200      8 00 2D 00 00 00 00 00 00 
42,659 200      8 00 4D 00 00 00 00 00 00 
42,740 200      8 00 1D 00 00 00 00 00 00 
42,801 200      8 00 69 00 00 00 00 00 00 
42,821 200      8 00 2D 00 00 00 00 00 00 
42,959 200      8 00 09 00 00 00 00 00 00 
43,040 200      8 00 59 00 00 00 00 00 00 
43,120 200      8 00 69 00 00 00 00 00 00 
43,140 200      8 00 2D 00 00 00 00 00 00 
43,240 200      8 00 41 00 00 00 00 00 00 
43,261 200      8 00 05 00 00 00 00 00 00 
43,361 200      8 00 18 00 00 00 00 00 00 
43,460 200      8 00 6C 00 00 00 00 00 00 
43,561 200      8 00 00 00 00 00 00 00 00 
43,640 200      8 00 50 00 00 00 00 00 00 
43,720 200      8 00 60 00 00 00 00 00 00 
43,821 200      8 00 74 00 00 00 00 00 00 
43,900 200      8 00 44 00 00 00 00 00 00 
44,000 200      8 00 18 00 00 00 00 00 00 
44,061 200      8 00 24 00 00 00 00 00 00 
44,164 200      8 00 78 00 00 00 00 00 00 
44,364 200      8 00 60 00 00 00 00 00 00 
44,380 200      8 00 24 00 00 00 2E 00 00 
44,465 200      8 00 74 00 36 00 36 00 36 
44,521 200      8 00 00 00 3D 00 3C 00 3C 
44,565 200      8 00 48 00 40 00 42 00 3E 
44,582 200      8 00 0C 00 40 00 44 00 40 
44,602 200      8 00 50 00 45 00 47 00 49 
44,620 200      8 00 14 00 49 00 48 00 49 
44,646 200      8 00 18 00 49 00 4A 00 49 
44,660 200      8 00 5C 00 4D 00 4C 00 49 
44,682 200      8 00 60 00 4F 00 52 00 4F 
44,701 200      8 00 24 00 53 00 52 00 54 
44,726 200      8 00 28 00 56 00 54 00 55 
44,761 200      8 00 30 00 5C 00 59 00 5C - 6km/h
44,785 200      8 00 74 00 5F 00 5F 00 60 
44,820 200      8 00 3C 00 60 00 61 00 60 
44,841 200      8 00 00 00 67 00 66 00 65 
44,861 200      8 00 44 00 69 00 69 00 6B 
44,882 200      8 00 48 00 6B 00 6D 00 6B 
44,902 200      8 00 0C 00 6C 00 6E 00 6D 
44,944 200      8 00 14 00 74 00 75 00 76 
44,961 200      8 00 18 00 74 00 77 00 76 
45,001 200      8 00 60 00 7B 00 7F 00 7F 
45,021 200      8 00 24 00 7E 00 7E 00 7A 
45,062 200      8 00 6C 00 85 00 86 00 86 
45,082 200      8 00 30 00 86 00 88 00 87 
45,101 200      8 00 74 00 8A 00 87 00 8A 
45,142 200      8 00 3C 00 8C 00 90 00 8B 
45,162 200      8 00 00 00 92 00 92 00 92 
45,185 200      8 00 44 00 91 00 94 00 91 
45,222 200      8 00 0C 00 95 00 95 00 95 
45,242 200      8 00 50 00 9A 00 9C 00 9D - 10km/h
45,265 200      8 00 14 00 9D 00 9E 00 9A 
45,282 200      8 00 18 00 9F 00 A4 00 9F 
45,301 200      8 00 5C 00 A2 00 A4 00 A4 
45,321 200      8 00 60 00 A6 00 A6 00 A6 
45,482 200      8 00 00 00 BD 00 BE 00 BD 
45,502 200      8 00 44 00 C3 00 C4 00 C0 
45,522 200      8 00 48 00 C4 00 C7 00 C0 
45,542 200      8 00 0C 00 C6 00 C9 00 C6 
45,565 200      8 00 50 00 C7 00 CC 00 CA 
45,941 200      8 00 5C 01 0D 01 09 01 0E 
45,982 200      8 00 24 01 12 01 12 01 13 
46,002 200      8 00 28 01 0F 01 18 01 0D 
46,022 200      8 00 6C 01 15 01 16 01 18 
46,062 200      8 00 74 01 20 01 1D 01 22 
46,082 200      8 00 78 01 1E 01 21 01 1F 
46,162 200      8 00 48 01 2A 01 2E 01 28 - 19km/h
46,182 200      8 00 0C 01 31 01 27 01 32 
46,362 200      8 00 30 01 45 01 48 01 48 
46,422 200      8 00 3C 01 54 01 4F 01 53 
46,542 200      8 00 14 01 63 01 64 01 66 
47,102 200      8 00 44 01 B5 01 B4 01 B5 
47,162 200      8 00 50 01 B9 01 BA 01 BA 
47,402 200      8 00 00 01 E0 01 DD 01 E2 
47,585 200      8 00 24 01 F3 01 F3 01 F4 
47,605 200      8 00 28 01 F7 01 F3 01 F8 
47,620 200      8 00 6C 01 F7 01 F6 01 FC 
47,644 200      8 00 30 01 F8 01 FA 01 FA 
47,666 200      8 00 74 01 FA 01 FA 01 FB 
47,680 200      8 00 78 02 02 01 FE 02 02 
47,700 200      8 00 3C 01 FE 02 03 01 FC 
47,720 200      8 00 00 02 02 02 01 02 04 
47,740 200      8 00 44 02 0D 02 01 02 07 
47,760 200      8 00 48 02 07 02 07 02 07 - 32km/h
47,779 200      8 00 0C 02 09 02 10 02 0A 
47,800 200      8 00 50 02 0B 02 0A 02 0C 
47,820 200      8 00 14 02 11 02 0D 02 13 
47,840 200      8 00 18 02 13 02 17 02 13 
47,860 200      8 00 5C 02 13 02 12 02 14 
47,880 200      8 00 60 02 1A 02 16 02 1B 
47,900 200      8 00 24 02 1A 02 1C 02 17 
47,920 200      8 00 28 02 19 02 18 02 1C 
47,940 200      8 00 6C 02 1E 02 21 02 1F 
47,960 200      8 00 30 02 20 02 1C 02 1D 
47,980 200      8 00 74 02 1C 02 1C 02 24 
48,000 200      8 00 78 02 23 02 2B 02 29 
48,024 200      8 00 3C 02 27 02 29 02 26 
48,040 200      8 00 00 02 26 02 25 02 2B 
48,060 200      8 00 44 02 30 02 2E 02 2E 
48,081 200      8 00 48 02 30 02 2E 02 2E 
48,100 200      8 00 0C 02 32 02 2C 02 33 
48,120 200      8 00 50 02 39 02 33 02 36 
48,140 200      8 00 14 02 2F 02 34 02 30 
48,160 200      8 00 18 02 38 02 32 02 38 
48,180 200      8 00 5C 02 3E 02 36 02 3A 
48,200 200      8 00 60 02 3F 02 3E 02 3F 
48,221 200      8 00 24 02 3C 02 3F 02 3A 
48,261 200      8 00 6C 02 43 02 43 02 42 
48,280 200      8 00 30 02 48 02 45 02 48 
48,340 200      8 00 3C 02 4C 02 48 02 4E 
48,360 200      8 00 00 02 51 02 4E 02 4D 
48,400 200      8 00 48 02 4F 02 4C 02 55 
48,420 200      8 00 0C 02 49 02 59 02 53 
48,460 200      8 00 14 02 5C 02 59 02 5E 
48,480 200      8 00 18 02 56 02 54 02 59 
48,520 200      8 00 60 02 64 02 64 02 62 
48,545 200      8 00 24 02 68 02 60 02 66 
48,580 200      8 00 6C 02 68 02 68 02 68 
48,620 200      8 00 74 02 6A 02 6E 02 68 
48,641 200      8 00 78 02 6D 02 74 02 6F 
48,681 200      8 00 00 02 71 02 71 02 70 
48,721 200      8 00 48 02 7A 02 75 02 79 
48,760 200      8 00 50 02 7B 02 79 02 7C 
48,800 200      8 00 18 02 78 02 7D 02 7A 
48,840 200      8 00 60 02 7C 02 82 02 84 
48,865 200      8 00 24 02 87 02 84 02 88 - 40km/h
48,880 200      8 00 28 02 87 02 84 02 87 
48,905 200      8 00 6C 02 87 02 87 02 87 
48,920 200      8 00 30 02 89 02 87 02 8D 
48,946 200      8 00 74 02 8A 02 8B 02 8B 
48,965 200      8 00 78 02 8D 02 8A 02 8F 
49,001 200      8 00 00 02 91 02 91 02 90 
49,041 200      8 00 48 02 98 02 98 02 97 
49,080 200      8 00 50 02 9D 02 95 02 9A 
49,100 200      8 00 14 02 97 02 98 02 9D 
49,120 200      8 00 18 02 9D 02 9C 02 9C 
49,140 200      8 00 5C 02 9F 02 9C 02 A0 
49,180 200      8 00 24 02 A2 02 A3 02 9F 
49,201 200      8 00 28 02 A3 02 A2 02 AA 
49,220 200      8 00 6C 02 A6 02 AB 02 A8 
49,241 200      8 00 30 02 AC 02 A8 02 AB 
49,281 200      8 00 78 02 A4 02 AD 02 AC 
49,300 200      8 00 3C 02 AF 02 AD 02 B0 
49,322 200      8 00 00 02 B4 02 A9 02 B2 
49,340 200      8 00 44 02 B0 02 B3 02 B3 
49,361 200      8 00 48 02 B3 02 B7 02 B0 
49,400 200      8 00 50 02 BD 02 B6 02 BA 
49,420 200      8 00 14 02 BA 02 C1 02 B8 
49,460 200      8 00 5C 02 C0 02 BA 02 B7 
49,480 200      8 00 60 02 BA 02 BC 02 BA 
49,520 200      8 00 28 02 C0 02 C3 02 BF - 44km/h
49,540 200      8 00 6C 02 C4 02 C4 02 C1 
49,581 200      8 00 74 02 C4 02 C3 02 C4 
49,600 200      8 00 78 02 C3 02 C9 02 C6 
49,621 200      8 00 3C 02 C3 02 C6 02 C9 
49,641 200      8 00 00 02 C6 02 C5 02 C6 
49,661 200      8 00 44 02 CB 02 C4 02 CE 
49,680 200      8 00 48 02 C8 02 CD 02 C7 
49,720 200      8 00 50 02 CF 02 CD 02 CE 
49,740 200      8 00 14 02 D0 02 CD 02 CD 
49,780 200      8 00 5C 02 D2 02 D0 02 D0 
49,800 200      8 00 60 02 C9 02 CF 02 CA 
49,840 200      8 00 28 02 D1 02 D1 02 CE 
49,881 200      8 00 30 02 CE 02 CD 02 CD 
49,900 200      8 00 74 02 CB 02 D0 02 CC 
49,921 200      8 00 78 02 CE 02 CC 02 CD 
49,940 200      8 00 3C 02 C9 02 CD 02 C9 
49,980 200      8 00 44 02 CA 02 D2 02 CB 
50,020 200      8 00 0C 02 C6 02 CB 02 CA 
50,080 200      8 00 18 02 CD 02 C7 02 CB 
50,120 200      8 00 60 02 C8 02 C5 02 CE 
50,140 200      8 00 24 02 CA 02 CC 02 C9 
50,181 200      8 00 6C 02 CE 02 CA 02 C8 
50,200 200      8 00 30 02 C8 02 C7 02 CB 
50,221 200      8 00 74 02 CC 02 CB 02 CD 
50,240 200      8 00 78 02 D0 02 C7 02 CB 
50,261 200      8 00 3C 02 CC 02 CE 02 CA 
50,280 200      8 00 00 02 D1 02 CE 02 CB 
50,301 200      8 00 44 02 C6 02 C9 02 C6 
50,320 200      8 00 48 02 C3 02 CC 02 C7 
50,340 200      8 00 0C 02 CE 02 CF 02 CE 
50,380 200      8 00 14 02 C7 02 CC 02 C8 
50,400 200      8 00 18 02 C7 02 CE 02 CD 
50,420 200      8 00 5C 02 CC 02 CD 02 CD 
50,441 200      8 00 60 02 CA 02 CB 02 CB 
50,460 200      8 00 24 02 C1 02 CB 02 C9 
50,500 200      8 00 6C 02 CC 02 CA 02 CB 
50,521 200      8 00 30 02 C9 02 CF 02 CD 
50,561 200      8 00 78 02 CB 02 CB 02 C8 
50,580 200      8 00 3C 02 CB 02 CA 02 CA 
50,641 200      8 00 48 02 C7 02 CD 02 C7 
50,660 200      8 00 0C 02 C5 02 C4 02 C6 
50,720 200      8 00 18 02 C5 02 C2 02 C5 
50,740 200      8 00 5C 02 C0 02 C2 02 C0 
50,800 200      8 00 28 02 BB 02 B6 02 BB 
50,821 200      8 00 6C 02 B8 02 B7 02 BA 
50,880 200      8 00 78 02 B6 02 B6 02 B7 
50,941 200      8 00 44 02 B1 02 B5 02 B4 
50,960 200      8 00 48 02 B4 02 B1 02 B4 
51,020 200      8 00 14 02 AD 02 B6 02 B3 
51,040 200      8 00 59 02 A8 02 B2 02 A7 
51,100 200      8 00 65 02 AB 02 A4 02 AB 
51,121 200      8 00 69 02 A8 02 A2 02 A6 
51,201 200      8 00 39 02 A7 02 A3 02 A4 
51,220 200      8 00 7D 02 A2 02 A1 02 9D 
51,300 200      8 00 4D 02 9C 02 9A 02 99 
51,320 200      8 00 11 02 92 02 93 02 98 
51,421 200      8 00 65 02 89 02 8B 02 89 
51,440 200      8 00 69 02 8B 02 8A 02 8D 
51,462 200      8 00 2D 02 8B 02 83 02 88 
51,481 200      8 00 71 02 83 02 7F 02 84 
51,561 200      8 00 41 02 75 02 7C 02 7E 
51,640 200      8 00 11 02 72 02 70 02 74 
51,700 200      8 00 1D 02 67 02 69 02 6A 
51,721 200      8 00 21 02 67 02 64 02 69 
51,740 200      8 00 65 02 60 02 67 02 63 
51,761 200      8 00 69 02 5E 02 63 02 62 
51,780 200      8 00 2D 02 61 02 62 02 5C 
51,801 200      8 00 71 02 5D 02 60 02 5B 
51,820 200      8 00 35 02 5D 02 58 02 5D 
51,841 200      8 00 39 02 54 02 54 02 55 
51,861 200      8 00 7D 02 54 02 51 02 56 
51,881 200      8 00 41 02 50 02 4F 02 51 
51,901 200      8 00 05 02 46 02 47 02 43 
51,921 200      8 00 09 02 44 02 3F 02 44 
51,940 200      8 00 4D 02 3F 02 38 02 3F 
51,981 200      8 00 55 02 33 02 3B 02 34 
52,000 200      8 00 59 02 37 02 32 02 35 
52,021 200      8 00 1D 02 2E 02 2E 02 2D 
52,040 200      8 00 21 02 25 02 2F 02 2B 
52,066 200      8 00 65 02 27 02 23 02 27 
52,085 200      8 00 69 02 1F 02 1A 02 20 
52,106 200      8 00 2D 02 1F 02 1A 02 1B 
52,125 200      8 00 71 02 15 02 13 02 15 
52,142 200      8 00 35 02 11 02 0C 02 12 
52,161 200      8 00 39 02 0A 02 09 02 0C 
52,182 200      8 00 7D 02 0A 02 0D 02 0B 
52,201 200      8 00 41 01 FF 02 0A 02 01 
52,222 200      8 00 05 01 FD 01 F7 01 FE 
52,241 200      8 00 09 01 FC 01 F9 01 FC 
52,262 200      8 00 4D 01 F4 01 F7 01 F7 
52,282 200      8 00 11 01 EC 01 F1 01 EA 
52,541 200      8 00 05 01 B0 01 AD 01 AE 
52,562 200      8 00 09 01 B0 01 B2 01 B1 
52,581 200      8 00 4D 01 A9 01 A4 01 A7 
52,603 200      8 00 11 01 AB 01 A6 01 A8 
52,622 200      8 00 55 01 93 01 93 01 96 
52,721 200      8 00 69 01 87 01 89 01 88 
52,801 200      8 00 39 01 80 01 7A 01 7C 
53,022 200      8 00 65 01 4B 01 49 01 4A 
53,142 200      8 00 7D 01 37 01 35 01 34 
53,503 200      8 00 05 00 E2 00 E7 00 E4 
53,522 200      8 00 09 00 DD 00 DF 00 DB 
53,562 200      8 00 11 00 D9 00 D9 00 D8 
53,582 200      8 00 55 00 D8 00 D4 00 D5 
53,602 200      8 00 59 00 CF 00 D4 00 CF 
54,183 200      8 00 4D 00 5D 00 5D 00 5F 
54,222 200      8 00 55 00 53 00 55 00 53 
54,282 200      8 00 21 00 4D 00 4E 00 51 
54,302 200      8 00 65 00 49 00 47 00 49 
54,322 200      8 00 69 00 45 00 45 00 41 
54,362 200      8 00 71 00 40 00 41 00 3F 
54,382 200      8 00 35 00 3F 00 3B 00 3F 
54,402 200      8 00 39 00 3A 00 39 00 3F 
54,523 200      8 00 11 00 00 00 00 00 2E 
54,562 200      8 00 59 00 00 00 00 00 00 
55,042 200      8 00 39 00 00 00 00 00 00 
55,122 200      8 00 09 00 00 00 00 00 00 
55,201 200      8 00 59 00 00 00 00 00 00 
55,361 200      8 00 39 00 00 00 00 00 00 
55,422 200      8 00 05 00 00 00 00 00 00 
55,441 200      8 00 09 00 00 00 00 00 00 
55,501 200      8 00 55 00 00 00 00 00 00 
55,661 200      8 00 35 00 00 00 00 00 00 
55,742 200      8 00 05 00 00 00 00 00 00 
55,803 200      8 00 11 00 00 00 00 00 00 
55,962 200      8 00 71 00 00 00 00 00 00 
